{
 "cells": [
  {
   "cell_type": "code",
   "execution_count": 4,
   "metadata": {},
   "outputs": [],
   "source": [
    "import csv\n",
    "import pandas as pd\n",
    "import scipy.stats as stats\n",
    "\n",
    "\n",
    "def read_data():\n",
    "    culture_center = pd.read_csv(\n",
    "        './df_culture_center.csv', encoding='euc-kr', dtype={\"새주소\": str, \"지번주소\": str, \"X\": float, \"Y\": float, \"콘텐츠 명\": str, \"구명\": str, \"상세정보 값1\": str})\n",
    "    rest_restaurant = pd.read_csv(\n",
    "        './df_rest_restaurant_l.csv', encoding='euc-kr')\n",
    "    restaurant = pd.read_csv(\n",
    "        './df_seoul_restaurant_l.csv', encoding='euc-kr')\n",
    "    park = pd.read_csv('./df_seoul_park.csv', encoding='euc-kr')\n",
    "    rate = pd.read_csv('./low_secure.csv', dtype={'전체': int,'살인': int,'강도': int,'절도': int,\n",
    "                                                    '폭력': int, '성폭력': int, '주소': str, '위도': float, '경도': float, '지구대': str, '관할구역': str})\n",
    "\n",
    "    rate = rate.dropna()\n",
    "    return culture_center, rest_restaurant, restaurant, park, rate\n",
    "\n",
    "\n",
    "def make_dict(rate):\n",
    "    # 각 지구대, 피출소 별 관할 구역\n",
    "    boundary_dict = dict()\n",
    "    # str(rate['관할구역'])\n",
    "    for idx in range(len(rate)):\n",
    "        boundary_dict[rate.loc[idx]['지구대']] = rate.loc[idx]['관할구역'].split(', ')\n",
    "    # print(boundary_dict)\n",
    "\n",
    "    # 각 지구대, 파출소 별 치안 등급 (전체, 살인, 강도, 절도, 폭력, 성폭력)\n",
    "    rate_dict = dict()\n",
    "    col_list = list(rate)[:6]  # 컬럼명\n",
    "    for idx in range(len(rate)):\n",
    "        rate_dict[rate.loc[idx]['지구대']] = dict()\n",
    "        for c in col_list:\n",
    "            rate_dict[rate.loc[idx]['지구대']][c] = rate.loc[idx][c]\n",
    "#     print(rate_dict)\n",
    "\n",
    "    # 각 지구대, 파출소 별 근린시설 갯수 초기화\n",
    "    green_num = dict()\n",
    "    for idx in range(len(rate)):\n",
    "        green_num[rate.loc[idx]['지구대']] = 0\n",
    "\n",
    "    return boundary_dict, rate_dict, green_num\n",
    "\n",
    "# 각 지구대별 근린공원개수 세기\n",
    "\n",
    "# 문화시설\n",
    "\n",
    "\n",
    "def count_culture_center(boundary_dict, green_num, rate):\n",
    "    keys = boundary_dict.keys()\n",
    "    no_cnt = 0\n",
    "    for key in keys:\n",
    "        boundaries = boundary_dict[key]\n",
    "        for idx in range(len(culture_center)):\n",
    "            street = str(culture_center.loc[idx]['새주소'])\n",
    "            addr = str(culture_center.loc[idx]['지번주소'])\n",
    "            for bd in boundaries:\n",
    "                if bd in addr:\n",
    "                    green_num[key] += 1\n",
    "                    continue\n",
    "                elif bd in street:\n",
    "                    green_num[key] += 1\n",
    "                    continue\n",
    "        # culture_center_num[key] /= len(boundaries)\n",
    "        # print(key)\n",
    "    # print(green_num)\n",
    "    return green_num\n",
    "\n",
    "# 휴게음식점\n",
    "\n",
    "\n",
    "def count_rest_restaurant(boundary_dict, green_num, rate):\n",
    "    keys = boundary_dict.keys()\n",
    "    no_cnt = 0\n",
    "    for key in keys:\n",
    "        boundaries = boundary_dict[key]\n",
    "        for idx in range(len(rest_restaurant)):\n",
    "            dong = str(rest_restaurant.loc[idx]['행정동명'])\n",
    "            addr = str(rest_restaurant.loc[idx]['소재지지번'])\n",
    "            addr2 = str(rest_restaurant.loc[idx]['소재지도로명'])\n",
    "            for bd in boundaries:\n",
    "                if bd in dong:\n",
    "                    green_num[key] += 1\n",
    "                    continue\n",
    "                elif bd in addr:\n",
    "                    green_num[key] += 1\n",
    "                    continue\n",
    "                elif bd in addr2:\n",
    "                    green_num[key] += 1\n",
    "                    continue\n",
    "\n",
    "        # culture_center_num[key] /= len(boundaries)\n",
    "        # print(key)\n",
    "    # print(green_num)\n",
    "    return green_num\n",
    "\n",
    "# 일반음식점\n",
    "\n",
    "\n",
    "def count_restaurant(boundary_dict, green_num, rate):\n",
    "    keys = boundary_dict.keys()\n",
    "    no_cnt = 0\n",
    "    for key in keys:\n",
    "        boundaries = boundary_dict[key]\n",
    "        for idx in range(len(restaurant)):\n",
    "            dong = str(restaurant.loc[idx]['행정동명'])\n",
    "            addr = str(restaurant.loc[idx]['소재지지번'])\n",
    "            addr2 = str(restaurant.loc[idx]['소재지도로명'])\n",
    "            for bd in boundaries:\n",
    "                if bd in dong:\n",
    "                    green_num[key] += 1\n",
    "                    continue\n",
    "                elif bd in addr:\n",
    "                    green_num[key] += 1\n",
    "                    continue\n",
    "                elif bd in addr2:\n",
    "                    green_num[key] += 1\n",
    "                    continue\n",
    "        # culture_center_num[key] /= len(boundaries)\n",
    "        # print(key)\n",
    "    # print(green_num)\n",
    "    return green_num\n",
    "\n",
    "# 공원\n",
    "\n",
    "\n",
    "def count_park(boundary_dict, green_num, rate):\n",
    "    keys = boundary_dict.keys()\n",
    "    no_cnt = 0\n",
    "    for key in keys:\n",
    "        boundaries = boundary_dict[key]\n",
    "        for idx in range(len(park)):\n",
    "            dong = str(park.loc[idx]['행정동'])\n",
    "            addr = str(park.loc[idx]['공원주소'])\n",
    "            for bd in boundaries:\n",
    "                if bd in dong:\n",
    "                    green_num[key] += 1\n",
    "                    continue\n",
    "                elif bd in addr:\n",
    "                    green_num[key] += 1\n",
    "                    continue\n",
    "        # culture_center_num[key] /= len(boundaries)\n",
    "        # print(key)\n",
    "#     print(green_num)\n",
    "    return green_num\n",
    "\n"
   ]
  },
  {
   "cell_type": "code",
   "execution_count": 5,
   "metadata": {},
   "outputs": [
    {
     "name": "stdout",
     "output_type": "stream",
     "text": [
      "{'화곡': 4855, '곰달래': 5158, '공항': 3811, '까치산': 4822, '가양': 4582, '발산': 1822, '염창': 2592, '화곡3': 4160, '등촌2': 1734, '방환3': 1771, '목1': 5990, '목2': 5119, '신정1': 3546, '신정2': 1166, '신월2': 2659, '신월1': 2436, '신월5': 280, '신정3': 2646, '당현': 2374, '월계': 1959, '화랑': 2919, '노원역': 4474, '불암': 2614, '상계4': 3241, '마들': 3894, '상계1': 3814, '석관': 544, '장위': 690, '월곡': 2285, '종암': 486, '돈암': 1573, '안암': 2826, '길음': 3235, '정릉': 1297, '정릉2': 1101, '성북': 421, '창동': 3175, '신창': 2627, '방학': 1976, '쌍문': 1391, '신방학': 1615, '도봉1파출소': 1297, '도봉2': 1118, '승미': 1456, '녹번': 482, '신사': 942, '응암': 1343, '응암2': 185, '불광': 1687, '연신내': 2837, '진관': 675, '역촌파출소': 686, '대조파출소': 909}\n"
     ]
    }
   ],
   "source": [
    "culture_center, rest_restaurant, restaurant, park, rate = read_data()\n",
    "boundary_dict, rate_dict, green_num = make_dict(rate)\n",
    "\n",
    "count_culture_center(boundary_dict, green_num, culture_center)\n",
    "count_rest_restaurant(boundary_dict, green_num, rest_restaurant)\n",
    "count_restaurant(boundary_dict, green_num, restaurant)\n",
    "green_num = count_park(boundary_dict, green_num, park)\n",
    "\n",
    "print(green_num)\n",
    "# correlation(cctv_num, rate)\n",
    "# corr_ad()\n"
   ]
  },
  {
   "cell_type": "code",
   "execution_count": null,
   "metadata": {},
   "outputs": [],
   "source": [
    "print(type(green_num))"
   ]
  },
  {
   "cell_type": "code",
   "execution_count": null,
   "metadata": {},
   "outputs": [],
   "source": []
  },
  {
   "cell_type": "code",
   "execution_count": 6,
   "metadata": {},
   "outputs": [],
   "source": [
    "def correlation(green_num, rate):\n",
    "    green_df = pd.DataFrame(green_num.items(), columns=['지구대', '근린시설'])\n",
    "    merge_rate_green = pd.merge(green_df, rate, on='지구대')\n",
    "    corr_df = merge_rate_green[['근린시설','전체', '살인', '강도', '절도', '폭력', '성폭력']]\n",
    "    # print('corr_df :', corr_df)\n",
    "    print('sum: ', corr_df['근린시설'].sum())\n",
    "    corr_df.to_csv(\"./corr_df.csv\", header=True, index=False)\n",
    "\n",
    "    corr = corr_df.corr(method='pearson')\n",
    "    print('corr :', corr)\n",
    "    corr.to_csv(\"./corr.csv\", header=True, index=False)\n",
    "    return corr\n",
    "\n",
    "# 각 구별 상관분석\n",
    "\n",
    "\n",
    "# def corr_ad():\n",
    "#     ad = ['종로구', '중구', '마포구', '영등포구']\n",
    "#     corr_df = pd.read_csv('./corr_df.csv')\n",
    "\n",
    "#     for i in range(len(ad)):\n",
    "#         is_ad = corr_df['구'] == ad[i]\n",
    "#         corr = is_ad.corr(method='pearson')\n",
    "#         print('corr :', corr)\n",
    "#     return\n",
    "\n",
    "# green_df = pd.DataFrame(green_num.items(), columns=['지구대', '근린시설'])\n",
    "# print(green_df)"
   ]
  },
  {
   "cell_type": "code",
   "execution_count": 7,
   "metadata": {
    "scrolled": true
   },
   "outputs": [
    {
     "name": "stdout",
     "output_type": "stream",
     "text": [
      "sum:  123297\n",
      "corr :           근린시설        전체        살인        강도        절도        폭력       성폭력\n",
      "근린시설  1.000000  0.377855  0.327874  0.207676  0.482331  0.592672  0.441800\n",
      "전체    0.377855  1.000000  0.328855  0.415574  0.352987  0.425978  0.911864\n",
      "살인    0.327874  0.328855  1.000000  0.062242  0.283845  0.364570  0.249467\n",
      "강도    0.207676  0.415574  0.062242  1.000000  0.159182  0.083949  0.362564\n",
      "절도    0.482331  0.352987  0.283845  0.159182  1.000000  0.559665  0.344237\n",
      "폭력    0.592672  0.425978  0.364570  0.083949  0.559665  1.000000  0.413290\n",
      "성폭력   0.441800  0.911864  0.249467  0.362564  0.344237  0.413290  1.000000\n"
     ]
    },
    {
     "data": {
      "text/html": [
       "<div>\n",
       "<style scoped>\n",
       "    .dataframe tbody tr th:only-of-type {\n",
       "        vertical-align: middle;\n",
       "    }\n",
       "\n",
       "    .dataframe tbody tr th {\n",
       "        vertical-align: top;\n",
       "    }\n",
       "\n",
       "    .dataframe thead th {\n",
       "        text-align: right;\n",
       "    }\n",
       "</style>\n",
       "<table border=\"1\" class=\"dataframe\">\n",
       "  <thead>\n",
       "    <tr style=\"text-align: right;\">\n",
       "      <th></th>\n",
       "      <th>근린시설</th>\n",
       "      <th>전체</th>\n",
       "      <th>살인</th>\n",
       "      <th>강도</th>\n",
       "      <th>절도</th>\n",
       "      <th>폭력</th>\n",
       "      <th>성폭력</th>\n",
       "    </tr>\n",
       "  </thead>\n",
       "  <tbody>\n",
       "    <tr>\n",
       "      <th>근린시설</th>\n",
       "      <td>1.000000</td>\n",
       "      <td>0.377855</td>\n",
       "      <td>0.327874</td>\n",
       "      <td>0.207676</td>\n",
       "      <td>0.482331</td>\n",
       "      <td>0.592672</td>\n",
       "      <td>0.441800</td>\n",
       "    </tr>\n",
       "    <tr>\n",
       "      <th>전체</th>\n",
       "      <td>0.377855</td>\n",
       "      <td>1.000000</td>\n",
       "      <td>0.328855</td>\n",
       "      <td>0.415574</td>\n",
       "      <td>0.352987</td>\n",
       "      <td>0.425978</td>\n",
       "      <td>0.911864</td>\n",
       "    </tr>\n",
       "    <tr>\n",
       "      <th>살인</th>\n",
       "      <td>0.327874</td>\n",
       "      <td>0.328855</td>\n",
       "      <td>1.000000</td>\n",
       "      <td>0.062242</td>\n",
       "      <td>0.283845</td>\n",
       "      <td>0.364570</td>\n",
       "      <td>0.249467</td>\n",
       "    </tr>\n",
       "    <tr>\n",
       "      <th>강도</th>\n",
       "      <td>0.207676</td>\n",
       "      <td>0.415574</td>\n",
       "      <td>0.062242</td>\n",
       "      <td>1.000000</td>\n",
       "      <td>0.159182</td>\n",
       "      <td>0.083949</td>\n",
       "      <td>0.362564</td>\n",
       "    </tr>\n",
       "    <tr>\n",
       "      <th>절도</th>\n",
       "      <td>0.482331</td>\n",
       "      <td>0.352987</td>\n",
       "      <td>0.283845</td>\n",
       "      <td>0.159182</td>\n",
       "      <td>1.000000</td>\n",
       "      <td>0.559665</td>\n",
       "      <td>0.344237</td>\n",
       "    </tr>\n",
       "    <tr>\n",
       "      <th>폭력</th>\n",
       "      <td>0.592672</td>\n",
       "      <td>0.425978</td>\n",
       "      <td>0.364570</td>\n",
       "      <td>0.083949</td>\n",
       "      <td>0.559665</td>\n",
       "      <td>1.000000</td>\n",
       "      <td>0.413290</td>\n",
       "    </tr>\n",
       "    <tr>\n",
       "      <th>성폭력</th>\n",
       "      <td>0.441800</td>\n",
       "      <td>0.911864</td>\n",
       "      <td>0.249467</td>\n",
       "      <td>0.362564</td>\n",
       "      <td>0.344237</td>\n",
       "      <td>0.413290</td>\n",
       "      <td>1.000000</td>\n",
       "    </tr>\n",
       "  </tbody>\n",
       "</table>\n",
       "</div>"
      ],
      "text/plain": [
       "          근린시설        전체        살인        강도        절도        폭력       성폭력\n",
       "근린시설  1.000000  0.377855  0.327874  0.207676  0.482331  0.592672  0.441800\n",
       "전체    0.377855  1.000000  0.328855  0.415574  0.352987  0.425978  0.911864\n",
       "살인    0.327874  0.328855  1.000000  0.062242  0.283845  0.364570  0.249467\n",
       "강도    0.207676  0.415574  0.062242  1.000000  0.159182  0.083949  0.362564\n",
       "절도    0.482331  0.352987  0.283845  0.159182  1.000000  0.559665  0.344237\n",
       "폭력    0.592672  0.425978  0.364570  0.083949  0.559665  1.000000  0.413290\n",
       "성폭력   0.441800  0.911864  0.249467  0.362564  0.344237  0.413290  1.000000"
      ]
     },
     "execution_count": 7,
     "metadata": {},
     "output_type": "execute_result"
    }
   ],
   "source": [
    "correlation(green_num, rate)"
   ]
  },
  {
   "cell_type": "code",
   "execution_count": null,
   "metadata": {},
   "outputs": [],
   "source": []
  }
 ],
 "metadata": {
  "kernelspec": {
   "display_name": "Python 3",
   "language": "python",
   "name": "python3"
  },
  "language_info": {
   "codemirror_mode": {
    "name": "ipython",
    "version": 3
   },
   "file_extension": ".py",
   "mimetype": "text/x-python",
   "name": "python",
   "nbconvert_exporter": "python",
   "pygments_lexer": "ipython3",
   "version": "3.7.2"
  }
 },
 "nbformat": 4,
 "nbformat_minor": 2
}
