{
 "cells": [
  {
   "cell_type": "code",
   "execution_count": 3,
   "metadata": {},
   "outputs": [],
   "source": [
    "import csv\n",
    "import pandas as pd\n",
    "import scipy.stats as stats\n",
    "\n",
    "\n",
    "def read_data():\n",
    "    culture_center = pd.read_csv(\n",
    "        './df_culture_center.csv', encoding='euc-kr', dtype={\"새주소\": str, \"지번주소\": str, \"X\": float, \"Y\": float, \"콘텐츠 명\": str, \"구명\": str, \"상세정보 값1\": str})\n",
    "    rest_restaurant = pd.read_csv(\n",
    "        './df_rest_restaurant_h.csv', encoding='euc-kr')\n",
    "    restaurant = pd.read_csv(\n",
    "        './df_seoul_restaurant_h.csv', encoding='euc-kr')\n",
    "    park = pd.read_csv('./df_seoul_park.csv', encoding='euc-kr')\n",
    "    rate = pd.read_csv('./secure7.csv', dtype={'전체': int,'살인': int,'강도': int,'절도': int,\n",
    "                                                    '폭력': int, '성폭력': int, '주소': str, '위도': float, '경도': float, '지구대': str, '관할구역': str})\n",
    "\n",
    "    rate = rate.dropna()\n",
    "    return culture_center, rest_restaurant, restaurant, park, rate\n",
    "\n",
    "\n",
    "def make_dict(rate):\n",
    "    # 각 지구대, 피출소 별 관할 구역\n",
    "    boundary_dict = dict()\n",
    "    # str(rate['관할구역'])\n",
    "    for idx in range(len(rate)):\n",
    "        boundary_dict[rate.loc[idx]['지구대']] = rate.loc[idx]['관할구역'].split(', ')\n",
    "    # print(boundary_dict)\n",
    "\n",
    "    # 각 지구대, 파출소 별 치안 등급 (전체, 살인, 강도, 절도, 폭력, 성폭력)\n",
    "    rate_dict = dict()\n",
    "    col_list = list(rate)[:6]  # 컬럼명\n",
    "    for idx in range(len(rate)):\n",
    "        rate_dict[rate.loc[idx]['지구대']] = dict()\n",
    "        for c in col_list:\n",
    "            rate_dict[rate.loc[idx]['지구대']][c] = rate.loc[idx][c]\n",
    "#     print(rate_dict)\n",
    "\n",
    "    # 각 지구대, 파출소 별 근린시설 갯수 초기화\n",
    "    green_num = dict()\n",
    "    for idx in range(len(rate)):\n",
    "        green_num[rate.loc[idx]['지구대']] = 0\n",
    "\n",
    "    return boundary_dict, rate_dict, green_num\n",
    "\n",
    "# 각 지구대별 근린공원개수 세기\n",
    "\n",
    "# 문화시설\n",
    "\n",
    "\n",
    "def count_culture_center(boundary_dict, green_num, rate):\n",
    "    keys = boundary_dict.keys()\n",
    "    no_cnt = 0\n",
    "    for key in keys:\n",
    "        boundaries = boundary_dict[key]\n",
    "        for idx in range(len(culture_center)):\n",
    "            street = str(culture_center.loc[idx]['새주소'])\n",
    "            addr = str(culture_center.loc[idx]['지번주소'])\n",
    "            for bd in boundaries:\n",
    "                if bd in addr:\n",
    "                    green_num[key] += 1\n",
    "                    continue\n",
    "                elif bd in street:\n",
    "                    green_num[key] += 1\n",
    "                    continue\n",
    "        # culture_center_num[key] /= len(boundaries)\n",
    "        # print(key)\n",
    "    # print(green_num)\n",
    "    return green_num\n",
    "\n",
    "# 휴게음식점\n",
    "\n",
    "\n",
    "def count_rest_restaurant(boundary_dict, green_num, rate):\n",
    "    keys = boundary_dict.keys()\n",
    "    no_cnt = 0\n",
    "    for key in keys:\n",
    "        boundaries = boundary_dict[key]\n",
    "        for idx in range(len(rest_restaurant)):\n",
    "            dong = str(rest_restaurant.loc[idx]['행정동명'])\n",
    "            addr = str(rest_restaurant.loc[idx]['소재지지번'])\n",
    "            addr2 = str(rest_restaurant.loc[idx]['소재지도로명'])\n",
    "            for bd in boundaries:\n",
    "                if bd in dong:\n",
    "                    green_num[key] += 1\n",
    "                    continue\n",
    "                elif bd in addr:\n",
    "                    green_num[key] += 1\n",
    "                    continue\n",
    "                elif bd in addr2:\n",
    "                    green_num[key] += 1\n",
    "                    continue\n",
    "\n",
    "        # culture_center_num[key] /= len(boundaries)\n",
    "        # print(key)\n",
    "    # print(green_num)\n",
    "    return green_num\n",
    "\n",
    "# 일반음식점\n",
    "\n",
    "\n",
    "def count_restaurant(boundary_dict, green_num, rate):\n",
    "    keys = boundary_dict.keys()\n",
    "    no_cnt = 0\n",
    "    for key in keys:\n",
    "        boundaries = boundary_dict[key]\n",
    "        for idx in range(len(restaurant)):\n",
    "            dong = str(restaurant.loc[idx]['행정동명'])\n",
    "            addr = str(restaurant.loc[idx]['소재지지번'])\n",
    "            addr2 = str(restaurant.loc[idx]['소재지도로명'])\n",
    "            for bd in boundaries:\n",
    "                if bd in dong:\n",
    "                    green_num[key] += 1\n",
    "                    continue\n",
    "                elif bd in addr:\n",
    "                    green_num[key] += 1\n",
    "                    continue\n",
    "                elif bd in addr2:\n",
    "                    green_num[key] += 1\n",
    "                    continue\n",
    "        # culture_center_num[key] /= len(boundaries)\n",
    "        # print(key)\n",
    "    # print(green_num)\n",
    "    return green_num\n",
    "\n",
    "# 공원\n",
    "\n",
    "\n",
    "def count_park(boundary_dict, green_num, rate):\n",
    "    keys = boundary_dict.keys()\n",
    "    no_cnt = 0\n",
    "    for key in keys:\n",
    "        boundaries = boundary_dict[key]\n",
    "        for idx in range(len(park)):\n",
    "            dong = str(park.loc[idx]['행정동'])\n",
    "            addr = str(park.loc[idx]['공원주소'])\n",
    "            for bd in boundaries:\n",
    "                if bd in dong:\n",
    "                    green_num[key] += 1\n",
    "                    continue\n",
    "                elif bd in addr:\n",
    "                    green_num[key] += 1\n",
    "                    continue\n",
    "        # culture_center_num[key] /= len(boundaries)\n",
    "        # print(key)\n",
    "#     print(green_num)\n",
    "    return green_num\n",
    "\n"
   ]
  },
  {
   "cell_type": "code",
   "execution_count": 4,
   "metadata": {},
   "outputs": [
    {
     "name": "stdout",
     "output_type": "stream",
     "text": [
      "{'교남': 2324, '사직': 2257, '옥인': 336, '청운': 80, '통의': 779, '신문로': 3508, '삼청': 5128, '청진': 1092, '관수': 1432, '종로2가': 2378, '종로5가': 2167, '효제': 1644, '대학로': 2126, '덕산': 149, '명륜': 1054, '혜화': 1244, '창신': 1058, '동묘': 940, '세검정': 887, '평창': 3403, '상암': 2185, '월드컵': 6723, '연남': 3482, '공덕': 194, '용강': 2908, '서강': 6944, '홍익': 6315, '망원': 1108, '문래': 3234, '영등포역': 5586, '당산': 2837, '대림3': 401, '대림': 1461, '신풍': 1233, '양평': 2306, '신길': 1602, '여의도': 4838, '중앙': 5691, '세종로': 1014, '태평로': 2738, '신당': 277, '광희': 105162, '약수': 376, '서울역': 1003, '중림': 705, '서소문': 3985, '명동': 2940, '을지로3가': 1615, '을지': 3392, '충무': 1053, '회현': 1147, '남대문': 1571, '장충': 1020, '원효': 1600, '용중': 2462, '이태원': 1383, '한남': 0, '보광': 375, '용산역': 813, '한강로': 1266, '역삼': 11741, '논현1': 6083, '삼성1': 3216, '삼성2': 647, '청담': 1574, '신사': 0, '압구정': 5471, '대치': 3241, '도곡': 8350, '일원': 1094, '개포': 769, '수서': 422, '대왕': 420, '논현2': 6284, '문성': 776, '백산': 829, '금천': 1100, '독산': 865, '가산 ': 1973, '신구로': 3134, '오류': 402, '천왕': 213, '구일': 330, '구로3': 2968, '고척': 104887, '개봉': 2366, '가리봉': 152}\n"
     ]
    }
   ],
   "source": [
    "culture_center, rest_restaurant, restaurant, park, rate = read_data()\n",
    "boundary_dict, rate_dict, green_num = make_dict(rate)\n",
    "\n",
    "count_culture_center(boundary_dict, green_num, culture_center)\n",
    "count_rest_restaurant(boundary_dict, green_num, rest_restaurant)\n",
    "count_restaurant(boundary_dict, green_num, restaurant)\n",
    "green_num = count_park(boundary_dict, green_num, park)\n",
    "\n",
    "print(green_num)\n",
    "# correlation(cctv_num, rate)\n",
    "# corr_ad()\n"
   ]
  },
  {
   "cell_type": "code",
   "execution_count": null,
   "metadata": {},
   "outputs": [],
   "source": [
    "print(type(green_num))"
   ]
  },
  {
   "cell_type": "code",
   "execution_count": null,
   "metadata": {},
   "outputs": [],
   "source": []
  },
  {
   "cell_type": "code",
   "execution_count": 5,
   "metadata": {},
   "outputs": [],
   "source": [
    "def correlation(green_num, rate):\n",
    "    green_df = pd.DataFrame(green_num.items(), columns=['지구대', '근린시설'])\n",
    "    merge_rate_green = pd.merge(green_df, rate, on='지구대')\n",
    "    corr_df = merge_rate_green[['근린시설','전체', '살인', '강도', '절도', '폭력', '성폭력']]\n",
    "    # print('corr_df :', corr_df)\n",
    "    print('sum: ', corr_df['근린시설'].sum())\n",
    "    corr_df.to_csv(\"./corr_df.csv\", header=True, index=False)\n",
    "\n",
    "    corr = corr_df.corr(method='pearson')\n",
    "    print('corr :', corr)\n",
    "    corr.to_csv(\"./corr.csv\", header=True, index=False)\n",
    "    return corr\n",
    "\n",
    "# 각 구별 상관분석\n",
    "\n",
    "\n",
    "# def corr_ad():\n",
    "#     ad = ['종로구', '중구', '마포구', '영등포구']\n",
    "#     corr_df = pd.read_csv('./corr_df.csv')\n",
    "\n",
    "#     for i in range(len(ad)):\n",
    "#         is_ad = corr_df['구'] == ad[i]\n",
    "#         corr = is_ad.corr(method='pearson')\n",
    "#         print('corr :', corr)\n",
    "#     return\n",
    "\n",
    "# green_df = pd.DataFrame(green_num.items(), columns=['지구대', '근린시설'])\n",
    "# print(green_df)"
   ]
  },
  {
   "cell_type": "code",
   "execution_count": 6,
   "metadata": {
    "scrolled": true
   },
   "outputs": [
    {
     "name": "stdout",
     "output_type": "stream",
     "text": [
      "sum:  398238\n",
      "corr :           근린시설        전체        살인        강도        절도        폭력       성폭력\n",
      "근린시설  1.000000  0.072947  0.084635  0.034499 -0.083350 -0.076655  0.012008\n",
      "전체    0.072947  1.000000  0.466231  0.594783  0.574088  0.477147  0.755298\n",
      "살인    0.084635  0.466231  1.000000  0.524719  0.229141  0.314529  0.325826\n",
      "강도    0.034499  0.594783  0.524719  1.000000  0.326970  0.209699  0.412056\n",
      "절도   -0.083350  0.574088  0.229141  0.326970  1.000000  0.692077  0.408250\n",
      "폭력   -0.076655  0.477147  0.314529  0.209699  0.692077  1.000000  0.366570\n",
      "성폭력   0.012008  0.755298  0.325826  0.412056  0.408250  0.366570  1.000000\n"
     ]
    },
    {
     "data": {
      "text/html": [
       "<div>\n",
       "<style scoped>\n",
       "    .dataframe tbody tr th:only-of-type {\n",
       "        vertical-align: middle;\n",
       "    }\n",
       "\n",
       "    .dataframe tbody tr th {\n",
       "        vertical-align: top;\n",
       "    }\n",
       "\n",
       "    .dataframe thead th {\n",
       "        text-align: right;\n",
       "    }\n",
       "</style>\n",
       "<table border=\"1\" class=\"dataframe\">\n",
       "  <thead>\n",
       "    <tr style=\"text-align: right;\">\n",
       "      <th></th>\n",
       "      <th>근린시설</th>\n",
       "      <th>전체</th>\n",
       "      <th>살인</th>\n",
       "      <th>강도</th>\n",
       "      <th>절도</th>\n",
       "      <th>폭력</th>\n",
       "      <th>성폭력</th>\n",
       "    </tr>\n",
       "  </thead>\n",
       "  <tbody>\n",
       "    <tr>\n",
       "      <th>근린시설</th>\n",
       "      <td>1.000000</td>\n",
       "      <td>0.072947</td>\n",
       "      <td>0.084635</td>\n",
       "      <td>0.034499</td>\n",
       "      <td>-0.083350</td>\n",
       "      <td>-0.076655</td>\n",
       "      <td>0.012008</td>\n",
       "    </tr>\n",
       "    <tr>\n",
       "      <th>전체</th>\n",
       "      <td>0.072947</td>\n",
       "      <td>1.000000</td>\n",
       "      <td>0.466231</td>\n",
       "      <td>0.594783</td>\n",
       "      <td>0.574088</td>\n",
       "      <td>0.477147</td>\n",
       "      <td>0.755298</td>\n",
       "    </tr>\n",
       "    <tr>\n",
       "      <th>살인</th>\n",
       "      <td>0.084635</td>\n",
       "      <td>0.466231</td>\n",
       "      <td>1.000000</td>\n",
       "      <td>0.524719</td>\n",
       "      <td>0.229141</td>\n",
       "      <td>0.314529</td>\n",
       "      <td>0.325826</td>\n",
       "    </tr>\n",
       "    <tr>\n",
       "      <th>강도</th>\n",
       "      <td>0.034499</td>\n",
       "      <td>0.594783</td>\n",
       "      <td>0.524719</td>\n",
       "      <td>1.000000</td>\n",
       "      <td>0.326970</td>\n",
       "      <td>0.209699</td>\n",
       "      <td>0.412056</td>\n",
       "    </tr>\n",
       "    <tr>\n",
       "      <th>절도</th>\n",
       "      <td>-0.083350</td>\n",
       "      <td>0.574088</td>\n",
       "      <td>0.229141</td>\n",
       "      <td>0.326970</td>\n",
       "      <td>1.000000</td>\n",
       "      <td>0.692077</td>\n",
       "      <td>0.408250</td>\n",
       "    </tr>\n",
       "    <tr>\n",
       "      <th>폭력</th>\n",
       "      <td>-0.076655</td>\n",
       "      <td>0.477147</td>\n",
       "      <td>0.314529</td>\n",
       "      <td>0.209699</td>\n",
       "      <td>0.692077</td>\n",
       "      <td>1.000000</td>\n",
       "      <td>0.366570</td>\n",
       "    </tr>\n",
       "    <tr>\n",
       "      <th>성폭력</th>\n",
       "      <td>0.012008</td>\n",
       "      <td>0.755298</td>\n",
       "      <td>0.325826</td>\n",
       "      <td>0.412056</td>\n",
       "      <td>0.408250</td>\n",
       "      <td>0.366570</td>\n",
       "      <td>1.000000</td>\n",
       "    </tr>\n",
       "  </tbody>\n",
       "</table>\n",
       "</div>"
      ],
      "text/plain": [
       "          근린시설        전체        살인        강도        절도        폭력       성폭력\n",
       "근린시설  1.000000  0.072947  0.084635  0.034499 -0.083350 -0.076655  0.012008\n",
       "전체    0.072947  1.000000  0.466231  0.594783  0.574088  0.477147  0.755298\n",
       "살인    0.084635  0.466231  1.000000  0.524719  0.229141  0.314529  0.325826\n",
       "강도    0.034499  0.594783  0.524719  1.000000  0.326970  0.209699  0.412056\n",
       "절도   -0.083350  0.574088  0.229141  0.326970  1.000000  0.692077  0.408250\n",
       "폭력   -0.076655  0.477147  0.314529  0.209699  0.692077  1.000000  0.366570\n",
       "성폭력   0.012008  0.755298  0.325826  0.412056  0.408250  0.366570  1.000000"
      ]
     },
     "execution_count": 6,
     "metadata": {},
     "output_type": "execute_result"
    }
   ],
   "source": [
    "correlation(green_num, rate)"
   ]
  },
  {
   "cell_type": "code",
   "execution_count": null,
   "metadata": {},
   "outputs": [],
   "source": []
  }
 ],
 "metadata": {
  "kernelspec": {
   "display_name": "Python 3",
   "language": "python",
   "name": "python3"
  },
  "language_info": {
   "codemirror_mode": {
    "name": "ipython",
    "version": 3
   },
   "file_extension": ".py",
   "mimetype": "text/x-python",
   "name": "python",
   "nbconvert_exporter": "python",
   "pygments_lexer": "ipython3",
   "version": "3.7.2"
  }
 },
 "nbformat": 4,
 "nbformat_minor": 2
}
